temperature: (0,9) (0,9) (1,9) (1,9) (40.00000000000055,28.49999999999858) (40.00000000000055,28.49999999999858) (78.00000000000294,9.500000000000073) (78.00000000000294,9.500000000000073) (116.0000000000224,28.49999999999858) (116.0000000000224,28.49999999999858) (154.0000000000049,9.500000000000073) (154.0000000000049,9.500000000000073) (191.9999999999703,28.49999999999858) (191.9999999999703,28.49999999999858) (229.9999999999358,9.500000000000069) (229.9999999999358,9.500000000000069) (252.9999999999148,21.00000000000007) (252.9999999999148,21.00000000000007) (300.0099999998721,21.00000000000007)
humidity: (0,19) (0,19) (1,19) (1,19) (113.0000000000208,75.00000000000377) (113.0000000000208,75.00000000000377) (300.0099999998721,75.00000000000377)
pm_2_5: (0,76) (0,76) (1,76) (1,76) (113.0000000000208,19.99999999999694) (113.0000000000208,19.99999999999694) (300.0099999998721,19.99999999999694)
co2ppm: (0,801) (0,801) (1,801) (1,801) (113.0000000000208,241.0000000002013) (113.0000000000208,241.0000000002013) (300.0099999998721,241.0000000002013)
rain: (0,0) (0,0) (149.9999999999993,0) (149.9999999999993,0) (150.0700000000085,1) (150.0700000000085,1) (179.9999999999702,1) (179.9999999999702,1) (180.0699999999812,0) (180.0699999999812,0) (269.9999999998828,0) (269.9999999998828,0) (270.0699999998993,1) (270.0699999998993,1) (299.9999999998537,1) (299.9999999998537,1) (300.0099999998721,0)
position: (0,0) (0,0) (42,0) (42,0) (42.07000000000014,1) (42.07000000000014,1) (84,1) (84,1) (84.07000000000605,2) (84.07000000000605,2) (126,2) (126,2) (126.0700000000275,3) (126.0700000000275,3) (167.9999999999922,3) (168,3) (168.0699999999999,4) (168.0699999999999,4) (209.9999999999411,4) (210,4) (210.0699999999999,5) (210.0699999999999,5) (251.9999999999158,5) (252,5) (252.0699999999999,6) (252.0699999999999,6) (300.0099999998721,6)
deviceName=TV_0,deviceType=TV,location=Living_room: (0,0) (0,0) (42,0) (42.00000000000016,0) (42.07000000000014,1) (42.07000000000014,1) (84,1) (84.00000000000601,1) (84.07000000000605,0) (84.07000000000605,0) (300.0099999998721,0)
deviceName=Bulb_3,deviceType=Bulb,location=Bedroom: (0,0) (0,0) (168.9999999999912,0) (168.9999999999912,0) (169.0699999999912,1) (169.0699999999912,1) (210.999999999953,1) (210.999999999953,1) (211.069999999953,0) (211.069999999953,0) (300.0099999998721,0)
deviceName=Bulb_4,deviceType=Bulb,location=Guest_room: (0,0) (0,0) (210.999999999953,0) (210.999999999953,0) (211.069999999953,1) (211.069999999953,1) (252.9999999999148,1) (252.9999999999148,1) (253.0699999999148,0) (253.0699999999148,0) (300.0099999998721,0)
deviceName=Bulb_0,deviceType=Bulb,location=Living_room: (0,0) (0,0) (42.99999999999996,0) (42.99999999999996,0) (43.06999999999994,1) (43.06999999999994,1) (84,1) (84.00000000000601,1) (84.07000000000605,0) (84.07000000000605,0) (300.0099999998721,0)
deviceName=Bulb_1,deviceType=Bulb,location=Kitchen: (0,0) (0,0) (84,0) (84.00000000000601,0) (84.07000000000605,1) (84.07000000000605,1) (126,1) (126.0000000000275,1) (126.0700000000275,0) (126.0700000000275,0) (300.0099999998721,0)
deviceName=Bulb_2,deviceType=Bulb,location=Bathroom: (0,0) (0,0) (126,0) (126.0000000000275,0) (126.0700000000275,1) (126.0700000000275,1) (168.9999999999912,1) (168.9999999999912,1) (169.0699999999912,0) (169.0699999999912,0) (300.0099999998721,0)
deviceName=Blind_0,deviceType=Blind,location=Living_room: (0,0) (0,0) (1,0) (1,0) (1.07,1) (1.07,1) (252.9999999999148,1) (252.9999999999148,1) (253.0699999999148,0) (253.0699999999148,0) (300.0099999998721,0)
deviceName=Blind_1,deviceType=Blind,location=Bedroom: (0,0) (0,0) (1,0) (1,0) (1.07,1) (1.07,1) (252.9999999999148,1) (252.9999999999148,1) (253.0699999999148,0) (253.0699999999148,0) (300.0099999998721,0)
deviceName=Window_0,deviceType=Window,location=Living_room: (0,0) (0,0) (300.0099999998721,0)
deviceName=Window_1,deviceType=Window,location=Kitchen: (0,0) (0,0) (42,0) (42.00000000000016,0) (42.00000000000016,1) (42.07000000000014,0) (42.99999999999996,0) (42.99999999999996,0) (42.99999999999996,1) (43.06999999999994,0) (43.99999999999976,0) (43.99999999999976,0) (43.99999999999976,1) (44.06999999999974,0) (44.99999999999956,0) (44.99999999999956,0) (44.99999999999956,1) (45.06999999999955,0) (45.99999999999936,0) (45.99999999999936,0) (46.06999999999935,1) (46.06999999999935,1) (46.99999999999916,1) (46.99999999999916,1) (47.06999999999915,0) (47.06999999999915,0) (47.99999999999896,0) (47.99999999999896,0) (47.99999999999896,1) (48.06999999999895,0) (48.99999999999876,0) (48.99999999999876,0) (49.06999999999875,1) (49.06999999999875,1) (49.99999999999856,1) (49.99999999999856,1) (49.99999999999856,0) (50.06999999999855,1) (50.99999999999837,1) (50.99999999999837,1) (51.06999999999835,0) (51.06999999999835,0) (51.99999999999817,0) (51.99999999999817,0) (51.99999999999817,1) (52.06999999999815,0) (52.99999999999797,0) (52.99999999999797,0) (52.99999999999797,1) (53.06999999999795,0) (53.99999999999777,0) (53.99999999999777,0) (54.06999999999775,1) (54.06999999999775,1) (54.99999999999757,1) (54.99999999999757,1) (55.06999999999756,0) (55.06999999999756,0) (55.99999999999737,0) (55.99999999999737,0) (56.06999999999736,1) (56.06999999999736,1) (56.99999999999717,1) (56.99999999999717,1) (56.99999999999717,0) (57.06999999999716,1) (57.99999999999697,1) (57.99999999999697,1) (58.06999999999696,0) (58.06999999999696,0) (58.99999999999677,0) (58.99999999999677,0) (58.99999999999677,1) (59.06999999999676,0) (59.99999999999289,0) (59.99999999999658,0) (59.99999999999658,1) (60.06999999999656,0) (60.99999999999638,0) (60.99999999999638,0) (60.99999999999638,1) (61.06999999999636,0) (61.99999999999618,0) (61.99999999999618,0) (62.06999999999616,1) (62.06999999999616,1) (62.99999999999598,1) (62.99999999999598,1) (62.99999999999598,0) (63.06999999999596,1) (63.99999999999578,1) (63.99999999999578,1) (63.99999999999578,0) (64.06999999999582,1) (64.99999999999629,1) (64.99999999999629,1) (65.06999999999633,0) (65.06999999999633,0) (65.9999999999968,0) (65.9999999999968,0) (65.9999999999968,1) (66.06999999999684,0) (66.99999999999731,0) (66.99999999999731,0) (66.99999999999731,1) (67.06999999999735,0) (67.99999999999783,0) (67.99999999999783,0) (67.99999999999783,1) (68.06999999999786,0) (68.99999999999834,0) (68.99999999999834,0) (68.99999999999834,1) (69.06999999999837,0) (69.99999999999885,0) (69.99999999999885,0) (69.99999999999885,1) (70.06999999999888,0) (70.99999999999936,0) (70.99999999999936,0) (71.0699999999994,1) (71.0699999999994,1) (71.99999999999987,1) (71.99999999999987,1) (71.99999999999987,0) (72.06999999999991,1) (73.00000000000038,1) (73.00000000000038,1) (73.00000000000038,0) (73.07000000000042,1) (74.0000000000009,1) (74.0000000000009,1) (74.0000000000009,0) (74.07000000000093,1) (75.00000000000141,1) (75.00000000000141,1) (75.07000000000144,0) (75.07000000000144,0) (76.00000000000192,0) (76.00000000000192,0) (76.00000000000192,1) (76.07000000000195,0) (77.00000000000243,0) (77.00000000000243,0) (77.00000000000243,1) (77.07000000000247,0) (78.00000000000294,0) (78.00000000000294,0) (78.00000000000294,1) (78.07000000000298,0) (79.00000000000345,0) (79.00000000000345,0) (79.07000000000349,1) (79.07000000000349,1) (80.00000000000396,1) (80.00000000000396,1) (80.00000000000396,0) (80.070000000004,1) (81.00000000000448,1) (81.00000000000448,1) (81.00000000000448,0) (81.07000000000451,1) (82.00000000000499,1) (82.00000000000499,1) (82.07000000000502,0) (82.07000000000502,0) (83.0000000000055,0) (83.0000000000055,0) (83.0000000000055,1) (83.07000000000554,0) (300.0099999998721,0)
deviceName=Window_2,deviceType=Window,location=Bedroom: (0,0) (0,0) (300.0099999998721,0)
deviceName=Window_3,deviceType=Window,location=Guest_room: (0,0) (0,0) (210.999999999953,0) (210.999999999953,0) (211.069999999953,1) (211.069999999953,1) (252.9999999999148,1) (252.9999999999148,1) (253.0699999999148,0) (253.0699999999148,0) (300.0099999998721,0)
deviceName=AirPurifier_0,deviceType=AirPurifier,location=Living_room: (0,0) (0,0) (1,0) (1,0) (1.07,1) (1.07,1) (113.0000000000208,1) (113.0000000000208,1) (113.0700000000209,0) (113.0700000000209,0) (300.0099999998721,0)
deviceName=Humidifier_0,deviceType=Humidifier,location=Living_room: (0,0) (0,0) (1,0) (1,0) (1.07,1) (1.07,1) (113.0000000000208,1) (113.0000000000208,1) (113.0700000000209,0) (113.0700000000209,0) (300.0099999998721,0)
deviceName=AirConditioner_0,deviceType=AirConditioner,location=Living_room: (0,0) (0,0) (1,0) (1,0) (1.07,1) (1.07,1) (40.00000000000055,1) (40.00000000000055,1) (40.07000000000054,2) (40.07000000000054,2) (78.00000000000294,2) (78.00000000000294,2) (78.07000000000298,1) (78.07000000000298,1) (116.0000000000224,1) (116.0000000000224,1) (116.0700000000224,2) (116.0700000000224,2) (154.0000000000049,2) (154.0000000000049,2) (154.0700000000048,1) (154.0700000000048,1) (191.9999999999703,1) (191.9999999999703,1) (192.0699999999703,2) (192.0699999999703,2) (229.9999999999358,2) (229.9999999999358,1) (230.0699999999357,1) (230.0699999999357,1) (252.9999999999148,1) (252.9999999999148,1) (253.0699999999148,0) (253.0699999999148,0) (300.0099999998721,0)
deviceName=Camera_0,deviceType=Camera,location=Living_room: (0,0) (0,0) (1,0) (1,0) (1.07,1) (1.07,1) (300.0099999998721,1)
rule1: (0,0) (0,0) (1,0) (1,0) (1.07,1) (1.07,1) (2.999999999999978,1) (2.999999999999978,1) (3.069999999999977,0) (3.069999999999977,0) (78.00000000000294,0) (78.00000000000294,0) (78.07000000000298,1) (78.07000000000298,1) (79.00000000000345,1) (79.00000000000345,1) (79.07000000000349,0) (79.07000000000349,0) (154.0000000000049,0) (154.0000000000049,0) (154.0700000000048,1) (154.0700000000048,1) (155.000000000004,1) (155.000000000004,1) (155.0700000000039,0) (155.0700000000039,0) (229.9999999999358,0) (229.9999999999358,0) (230.0699999999357,1) (230.0699999999357,1) (230.9999999999349,1) (230.9999999999349,1) (231.0699999999348,0) (231.0699999999348,0) (300.0099999998721,0)
rule2: (0,0) (0,0) (40.00000000000055,0) (40.00000000000055,0) (40.07000000000054,1) (40.07000000000054,1) (41.00000000000036,1) (41.00000000000036,1) (41.07000000000034,0) (41.07000000000034,0) (116.0000000000224,0) (116.0000000000224,0) (116.0700000000224,1) (116.0700000000224,1) (117.0000000000229,1) (117.0000000000229,1) (117.0700000000229,0) (117.0700000000229,0) (191.9999999999703,0) (191.9999999999703,0) (192.0699999999703,1) (192.0699999999703,1) (192.9999999999694,1) (192.9999999999694,1) (193.0699999999694,0) (193.0699999999694,0) (300.0099999998721,0)
rule3: (0,0) (0,0) (1,0) (1,0) (1.07,1) (1.07,1) (3.999999999999956,1) (3.999999999999956,1) (4.069999999999955,0) (4.069999999999955,0) (300.0099999998721,0)
rule4: (0,0) (0,0) (42,0) (42.00000000000016,0) (42.07000000000014,1) (42.07000000000014,1) (84,1) (84.00000000000601,1) (84.07000000000605,0) (84.07000000000605,0) (300.0099999998721,0)
rule5: (0,0) (0,0) (42,0) (42.00000000000016,0) (42.07000000000014,1) (42.07000000000014,1) (84,1) (84.00000000000601,1) (84.07000000000605,0) (84.07000000000605,0) (300.0099999998721,0)
rule6: (0,0) (0,0) (42.99999999999996,0) (42.99999999999996,0) (43.06999999999994,1) (43.06999999999994,1) (85.00000000000652,1) (85.00000000000652,1) (85.07000000000656,0) (85.07000000000656,0) (300.0099999998721,0)
rule7: (0,0) (0,0) (84,0) (84.00000000000601,0) (84.07000000000605,1) (84.07000000000605,1) (126,1) (126.0000000000275,1) (126.0700000000275,0) (126.0700000000275,0) (300.0099999998721,0)
rule8: (0,0) (0,0) (168.9999999999912,0) (168.9999999999912,0) (169.0699999999912,1) (169.0699999999912,1) (210.999999999953,1) (210.999999999953,1) (211.069999999953,0) (211.069999999953,0) (300.0099999998721,0)
rule9: (0,0) (0,0) (126,0) (126.0000000000275,0) (126.0700000000275,1) (126.0700000000275,1) (168.9999999999912,1) (168.9999999999912,1) (169.0699999999912,0) (169.0699999999912,0) (300.0099999998721,0)
rule10: (0,0) (0,0) (210.999999999953,0) (210.999999999953,0) (211.069999999953,1) (211.069999999953,1) (252.9999999999148,1) (252.9999999999148,1) (253.0699999999148,0) (253.0699999999148,0) (300.0099999998721,0)
rule11: (0,0) (0,0) (252.9999999999148,0) (252.9999999999148,0) (253.0699999999148,1) (253.0699999999148,1) (300.0099999998721,1)
rule12: (0,0) (0,0) (252.9999999999148,0) (252.9999999999148,0) (253.0699999999148,1) (253.0699999999148,1) (300.0099999998721,1)
rule13: (0,0) (0,0) (252.9999999999148,0) (252.9999999999148,0) (253.0699999999148,1) (253.0699999999148,1) (300.0099999998721,1)
rule14: (0,0) (0,0) (252.9999999999148,0) (252.9999999999148,0) (253.0699999999148,1) (253.0699999999148,1) (300.0099999998721,1)
rule15: (0,0) (0,0) (149.9999999999993,0) (150.0000000000085,0) (150.0700000000085,1) (150.0700000000085,1) (179.9999999999702,1) (179.9999999999812,1) (180.0699999999812,0) (180.0699999999812,0) (269.9999999998828,0) (269.9999999998994,0) (270.0699999998993,1) (270.0699999998993,1) (299.9999999998537,1) (299.9999999998721,1) (300.0099999998721,0)
rule16: (0,0) (0,0) (40.00000000000055,0) (40.00000000000055,0) (40.07000000000054,1) (40.07000000000054,1) (78.00000000000294,1) (78.00000000000294,1) (78.07000000000298,0) (78.07000000000298,0) (116.0000000000224,0) (116.0000000000224,0) (116.0700000000224,1) (116.0700000000224,1) (155.000000000004,1) (155.000000000004,1) (155.0700000000039,0) (155.0700000000039,0) (192.9999999999694,0) (192.9999999999694,0) (193.0699999999694,1) (193.0699999999694,1) (229.9999999999358,1) (229.9999999999358,1) (230.0699999999357,0) (230.0699999999357,0) (300.0099999998721,0)
rule17: (0,0) (0,0) (1,0) (1,0) (1.07,1) (1.07,1) (40.00000000000055,1) (40.00000000000055,1) (40.07000000000054,0) (40.07000000000054,0) (78.00000000000294,0) (78.00000000000294,0) (78.07000000000298,1) (78.07000000000298,1) (117.0000000000229,1) (117.0000000000229,1) (117.0700000000229,0) (117.0700000000229,0) (154.0000000000049,0) (154.0000000000049,0) (154.0700000000048,1) (154.0700000000048,1) (192.9999999999694,1) (192.9999999999694,1) (193.0699999999694,0) (193.0699999999694,0) (230.9999999999349,0) (230.9999999999349,0) (231.0699999999348,1) (231.0699999999348,1) (252.9999999999148,1) (252.9999999999148,1) (253.0699999999148,0) (253.0699999999148,0) (300.0099999998721,0)
rule18: (0,0) (0,0) (1,0) (1,0) (1.07,1) (1.07,1) (30,1) (30.00000000000184,1) (30.07000000000185,0) (30.07000000000185,0) (300.0099999998721,0)
rule19: (0,0) (0,0) (1,0) (1,0) (1.07,1) (1.07,1) (2,1) (2,1) (2.069999999999999,0) (2.069999999999999,0) (300.0099999998721,0)
rule20: (0,0) (0,0) (1,0) (1,0) (1.07,1) (1.07,1) (3.999999999999956,1) (3.999999999999956,1) (4.069999999999955,0) (4.069999999999955,0) (300.0099999998721,0)
rule21: (0,0) (0,0) (113.0000000000208,0) (113.0000000000208,0) (113.0700000000209,1) (113.0700000000209,1) (300.0099999998721,1)
rule22: (0,0) (0,0) (1,0) (1,0) (1.07,1) (1.07,1) (42,1) (42.00000000000016,1) (42.07000000000014,0) (42.07000000000014,0) (84,0) (84.00000000000601,0) (84.07000000000605,1) (84.07000000000605,1) (300.0099999998721,1)
rule23: (0,0) (0,0) (1,0) (1,0) (1.07,1) (1.07,1) (42,1) (42.00000000000016,1) (42.07000000000014,0) (42.07000000000014,0) (84,0) (84.00000000000601,0) (84.07000000000605,1) (84.07000000000605,1) (300.0099999998721,1)
rule24: (0,0) (0,0) (1,0) (1,0) (1.07,1) (1.07,1) (84,1) (84.00000000000601,1) (84.07000000000605,0) (84.07000000000605,0) (126,0) (126.0000000000275,0) (126.0700000000275,1) (126.0700000000275,1) (300.0099999998721,1)
rule25: (0,0) (0,0) (1,0) (1,0) (1.07,1) (1.07,1) (168.9999999999912,1) (168.9999999999912,1) (169.0699999999912,0) (169.0699999999912,0) (210.999999999953,0) (210.999999999953,0) (211.069999999953,1) (211.069999999953,1) (300.0099999998721,1)
rule26: (0,0) (0,0) (1,0) (1,0) (1.07,1) (1.07,1) (126,1) (126.0000000000275,1) (126.0700000000275,0) (126.0700000000275,0) (168.9999999999912,0) (168.9999999999912,0) (169.0699999999912,1) (169.0699999999912,1) (300.0099999998721,1)
rule27: (0,0) (0,0) (1,0) (1,0) (1.07,1) (1.07,1) (210.999999999953,1) (210.999999999953,1) (211.069999999953,0) (211.069999999953,0) (252.9999999999148,0) (252.9999999999148,0) (253.0699999999148,1) (253.0699999999148,1) (300.0099999998721,1)
rule28: (0,0) (0,0) (1,0) (1,0) (1.07,1) (1.07,1) (252.9999999999148,1) (252.9999999999148,1) (253.0699999999148,0) (253.0699999999148,0) (300.0099999998721,0)
rule29: (0,0) (0,0) (113.0000000000208,0) (113.0000000000208,0) (113.0700000000209,1) (113.0700000000209,1) (300.0099999998721,1)
rule30: (0,0) (0,0) (1,0) (1,0) (1.07,1) (1.07,1) (252.9999999999148,1) (252.9999999999148,1) (253.0699999999148,0) (253.0699999999148,0) (300.0099999998721,0)
time: (0,0) (0,0) (300.0099999998721,300.0099999998721)
