humidity: (0,19) (0,19) (1,19) (1,19) (113.0000000000208,75.00000000000377) (113.0000000000208,75.00000000000377) (300.0099999998721,75.00000000000377)
pm_2_5: (0,76) (0,76) (1,76) (1,76) (142.0000000000158,5.499999999996564) (142.0000000000158,5.499999999996564) (300.0099999998721,5.499999999996564)
temperature: (0,9) (0,9) (1,9) (1,9) (40.00000000000055,28.49999999999858) (40.00000000000055,28.49999999999858) (78.00000000000294,9.500000000000073) (78.00000000000294,9.500000000000073) (116.0000000000224,28.49999999999858) (116.0000000000224,28.49999999999858) (154.0000000000049,9.500000000000073) (154.0000000000049,9.500000000000073) (191.9999999999703,28.49999999999858) (191.9999999999703,28.49999999999858) (229.9999999999358,9.500000000000069) (229.9999999999358,9.500000000000069) (250.9999999999167,20.00000000000027) (250.9999999999167,20.00000000000027) (300.0099999998721,20.00000000000027)
rain: (0,0) (0,0) (30,0) (30.07000000000185,1) (30.07000000000185,1) (59.99999999999289,1) (60.06999999999656,0) (60.06999999999656,0) (90.00000000000355,0) (90.0700000000091,1) (90.0700000000091,1) (120.0000000000171,1) (120.0700000000245,0) (120.0700000000245,0) (149.9999999999993,0) (150.0700000000085,1) (150.0700000000085,1) (179.9999999999702,1) (180.0699999999812,0) (180.0699999999812,0) (209.9999999999411,0) (210.0699999999539,1) (210.0699999999539,1) (239.9999999999119,1) (240.0699999999266,0) (240.0699999999266,0) (269.9999999998828,0) (270.0699999998993,1) (270.0699999998993,1) (299.9999999998537,1) (300.0099999998721,0)
position: (0,0) (0,0) (49.99999999999856,0) (50,0) (50.06999999999999,1) (50.06999999999999,1) (100,1) (100,1) (100.0700000000142,2) (100.0700000000142,2) (149.9999999999993,2) (150,2) (150.0700000000085,3) (150.0700000000085,3) (199.9999999999631,3) (200,3) (200.0699999999999,4) (200.0699999999999,4) (249.9999999999176,4) (250,4) (250.0699999999999,5) (250.0699999999999,5) (300.0099999998721,5)
co2ppm: (0,1101) (0,1101) (1,1101) (1,1101) (142.0000000000158,396.000000000509) (142.0000000000158,396.000000000509) (300.0099999998721,396.000000000509)
deviceName=TV_0,deviceType=TV,location=Living_room: (0,0) (0,0) (1,0) (1,0) (1.07,1) (1.07,1) (50.99999999999837,1) (50.99999999999837,1) (51.06999999999835,0) (51.06999999999835,0) (300.0099999998721,0)
deviceName=Bulb_0,deviceType=Bulb,location=Living_room: (0,0) (0,0) (1,0) (1,0) (1.07,1) (1.07,1) (50.99999999999837,1) (50.99999999999837,1) (51.06999999999835,0) (51.06999999999835,0) (300.0099999998721,0)
deviceName=Bulb_1,deviceType=Bulb,location=Kitchen: (0,0) (0,0) (50.99999999999837,0) (50.99999999999837,0) (51.06999999999835,1) (51.06999999999835,1) (100,1) (100.0000000000142,1) (100.0700000000142,0) (100.0700000000142,0) (300.0099999998721,0)
deviceName=Bulb_2,deviceType=Bulb,location=Bathroom: (0,0) (0,0) (100,0) (100.0000000000142,0) (100.0700000000142,1) (100.0700000000142,1) (149.9999999999993,1) (150.0000000000085,1) (150.0700000000085,0) (150.0700000000085,0) (300.0099999998721,0)
deviceName=Bulb_3,deviceType=Bulb,location=Bedroom: (0,0) (0,0) (149.9999999999993,0) (150.0000000000085,0) (150.0700000000085,1) (150.0700000000085,1) (200.9999999999621,1) (200.9999999999621,1) (201.0699999999621,0) (201.0699999999621,0) (300.0099999998721,0)
deviceName=Bulb_4,deviceType=Bulb,location=Guest_room: (0,0) (0,0) (200.9999999999621,0) (200.9999999999621,0) (201.0699999999621,1) (201.0699999999621,1) (250.9999999999167,1) (250.9999999999167,1) (251.0699999999166,0) (251.0699999999166,0) (300.0099999998721,0)
deviceName=Blind_0,deviceType=Blind,location=Living_room: (0,0) (0,0) (1,0) (1,0) (1.07,1) (1.07,1) (250.9999999999167,1) (250.9999999999167,1) (251.0699999999166,0) (251.0699999999166,0) (300.0099999998721,0)
deviceName=Blind_1,deviceType=Blind,location=Bedroom: (0,0) (0,0) (1,0) (1,0) (1.07,1) (1.07,1) (250.9999999999167,1) (250.9999999999167,1) (251.0699999999166,0) (251.0699999999166,0) (300.0099999998721,0)
deviceName=Window_3,deviceType=Window,location=Guest_room: (0,0) (0,0) (200.9999999999621,0) (200.9999999999621,0) (201.0699999999621,1) (201.0699999999621,1) (250.9999999999167,1) (250.9999999999167,1) (251.0699999999166,0) (251.0699999999166,0) (300.0099999998721,0)
deviceName=Window_0,deviceType=Window,location=Living_room: (0,0) (0,0) (1,0) (1,0) (1.07,1) (1.07,1) (2,1) (2,1) (2.069999999999999,0) (2.069999999999999,0) (300.0099999998721,0)
deviceName=Window_1,deviceType=Window,location=Kitchen: (0,0) (0,0) (1,0) (1,0) (1.07,1) (1.07,1) (2,1) (2,1) (2,0) (2.069999999999999,1) (2.999999999999978,1) (2.999999999999978,1) (3.069999999999977,0) (3.069999999999977,0) (3.999999999999956,0) (3.999999999999956,0) (4.069999999999955,1) (4.069999999999955,1) (4.999999999999934,1) (4.999999999999934,1) (5.069999999999933,0) (5.069999999999933,0) (5.999999999999913,0) (5.999999999999913,0) (6.069999999999911,1) (6.069999999999911,1) (6.999999999999892,1) (6.999999999999892,1) (7.06999999999989,0) (7.06999999999989,0) (7.99999999999987,0) (7.99999999999987,0) (8.069999999999869,1) (8.069999999999869,1) (8.999999999999849,1) (8.999999999999849,1) (8.999999999999849,0) (9.069999999999848,1) (9.999999999999828,1) (9.999999999999828,1) (10.06999999999983,0) (10.06999999999983,0) (10.99999999999981,0) (10.99999999999981,0) (11.0699999999998,1) (11.0699999999998,1) (11.99999999999979,1) (11.99999999999979,1) (12.06999999999978,0) (12.06999999999978,0) (12.99999999999976,0) (12.99999999999976,0) (13.06999999999976,1) (13.06999999999976,1) (13.99999999999974,1) (13.99999999999974,1) (14.06999999999974,0) (14.06999999999974,0) (14.99999999999972,0) (14.99999999999972,0) (14.99999999999972,1) (15.06999999999972,0) (15.9999999999997,0) (15.9999999999997,0) (16.06999999999971,1) (16.06999999999971,1) (16.99999999999985,1) (16.99999999999985,1) (16.99999999999985,0) (17.06999999999986,1) (18,1) (18,1) (18.07000000000001,0) (18.07000000000001,0) (19.00000000000016,0) (19.00000000000016,0) (19.07000000000017,1) (19.07000000000017,1) (20.00000000000031,1) (20.00000000000031,1) (20.00000000000031,0) (20.07000000000032,1) (21.00000000000046,1) (21.00000000000046,1) (21.07000000000047,0) (21.07000000000047,0) (22.00000000000061,0) (22.00000000000061,0) (22.00000000000061,1) (22.07000000000063,0) (23.00000000000077,0) (23.00000000000077,0) (23.07000000000078,1) (23.07000000000078,1) (24.00000000000092,1) (24.00000000000092,1) (24.07000000000093,0) (24.07000000000093,0) (25.00000000000107,0) (25.00000000000107,0) (25.00000000000107,1) (25.07000000000108,0) (26.00000000000123,0) (26.00000000000123,0) (26.00000000000123,1) (26.07000000000124,0) (27.00000000000138,0) (27.00000000000138,0) (27.00000000000138,1) (27.07000000000139,0) (28.00000000000153,0) (28.00000000000153,0) (28.00000000000153,1) (28.07000000000154,0) (29.00000000000168,0) (29.00000000000168,0) (29.00000000000168,1) (29.07000000000169,0) (30,0) (30.00000000000184,0) (30.07000000000185,1) (30.07000000000185,1) (31.00000000000199,1) (31.00000000000199,1) (31.070000000002,0) (31.070000000002,0) (32.00000000000215,0) (32.00000000000215,0) (32.07000000000213,1) (32.07000000000213,1) (33.00000000000195,1) (33.00000000000195,1) (33.00000000000195,0) (33.07000000000193,1) (34.00000000000175,1) (34.00000000000175,1) (34.07000000000173,0) (34.07000000000173,0) (35.00000000000155,0) (35.00000000000155,0) (35.00000000000155,1) (35.07000000000154,0) (36.00000000000135,0) (36.00000000000135,0) (36.07000000000134,1) (36.07000000000134,1) (37.00000000000115,1) (37.00000000000115,1) (37.07000000000114,0) (37.07000000000114,0) (38.00000000000095,0) (38.00000000000095,0) (38.07000000000094,1) (38.07000000000094,1) (39.00000000000075,1) (39.00000000000075,1) (39.07000000000074,0) (39.07000000000074,0) (40.00000000000055,0) (40.00000000000055,0) (40.00000000000055,1) (40.07000000000054,0) (41.00000000000036,0) (41.00000000000036,0) (41.00000000000036,1) (41.07000000000034,0) (42.00000000000016,0) (42.00000000000016,0) (42.00000000000016,1) (42.07000000000014,0) (42.99999999999996,0) (42.99999999999996,0) (43.06999999999994,1) (43.06999999999994,1) (43.99999999999976,1) (43.99999999999976,1) (44.06999999999974,0) (44.06999999999974,0) (44.99999999999956,0) (44.99999999999956,0) (45.06999999999955,1) (45.06999999999955,1) (45.99999999999936,1) (45.99999999999936,1) (45.99999999999936,0) (46.06999999999935,1) (46.99999999999916,1) (46.99999999999916,1) (47.06999999999915,0) (47.06999999999915,0) (47.99999999999896,0) (47.99999999999896,0) (48.06999999999895,1) (48.06999999999895,1) (48.99999999999876,1) (48.99999999999876,1) (49.06999999999875,0) (49.06999999999875,0) (49.99999999999856,0) (49.99999999999856,0) (50.06999999999999,1) (50.06999999999999,1) (50.99999999999837,1) (50.99999999999837,1) (51.06999999999835,0) (51.06999999999835,0) (300.0099999998721,0)
deviceName=Window_2,deviceType=Window,location=Bedroom: (0,0) (0,0) (300.0099999998721,0)
deviceName=AirPurifier_0,deviceType=AirPurifier,location=Living_room: (0,0) (0,0) (1,0) (1,0) (1.07,1) (1.07,1) (142.0000000000158,1) (142.0000000000158,1) (142.0700000000157,0) (142.0700000000157,0) (300.0099999998721,0)
deviceName=Humidifier_0,deviceType=Humidifier,location=Living_room: (0,0) (0,0) (1,0) (1,0) (1.07,1) (1.07,1) (113.0000000000208,1) (113.0000000000208,1) (113.0700000000209,0) (113.0700000000209,0) (300.0099999998721,0)
deviceName=AirConditioner_0,deviceType=AirConditioner,location=Living_room: (0,0) (0,0) (1,0) (1,0) (1.07,2) (1.07,2) (40.00000000000055,2) (40.00000000000055,2) (40.07000000000054,1) (40.07000000000054,1) (78.00000000000294,1) (78.00000000000294,1) (78.07000000000298,2) (78.07000000000298,2) (116.0000000000224,2) (116.0000000000224,2) (116.0700000000224,1) (116.0700000000224,1) (154.0000000000049,1) (154.0000000000049,1) (154.0700000000048,2) (154.0700000000048,2) (191.9999999999703,2) (191.9999999999703,2) (192.0699999999703,1) (192.0699999999703,1) (229.9999999999358,1) (229.9999999999358,1) (230.0699999999357,2) (230.0699999999357,2) (250.9999999999167,2) (250.9999999999167,2) (251.0699999999166,0) (251.0699999999166,0) (300.0099999998721,0)
deviceName=Camera_0,deviceType=Camera,location=Living_room: (0,0) (0,0) (1,0) (1,0) (1.07,1) (1.07,1) (300.0099999998721,1)
rule1: (0,0) (0,0) (1,0) (1,0) (1.07,1) (1.07,1) (2.999999999999978,1) (2.999999999999978,1) (3.069999999999977,0) (3.069999999999977,0) (78.00000000000294,0) (78.00000000000294,0) (78.07000000000298,1) (78.07000000000298,1) (79.00000000000345,1) (79.00000000000345,1) (79.07000000000349,0) (79.07000000000349,0) (154.0000000000049,0) (154.0000000000049,0) (154.0700000000048,1) (154.0700000000048,1) (155.000000000004,1) (155.000000000004,1) (155.0700000000039,0) (155.0700000000039,0) (229.9999999999358,0) (229.9999999999358,0) (230.0699999999357,1) (230.0699999999357,1) (230.9999999999349,1) (230.9999999999349,1) (231.0699999999348,0) (231.0699999999348,0) (300.0099999998721,0)
rule2: (0,0) (0,0) (40.00000000000055,0) (40.00000000000055,0) (40.07000000000054,1) (40.07000000000054,1) (41.00000000000036,1) (41.00000000000036,1) (41.07000000000034,0) (41.07000000000034,0) (116.0000000000224,0) (116.0000000000224,0) (116.0700000000224,1) (116.0700000000224,1) (117.0000000000229,1) (117.0000000000229,1) (117.0700000000229,0) (117.0700000000229,0) (191.9999999999703,0) (191.9999999999703,0) (192.0699999999703,1) (192.0699999999703,1) (192.9999999999694,1) (192.9999999999694,1) (193.0699999999694,0) (193.0699999999694,0) (300.0099999998721,0)
rule3: (0,0) (0,0) (1,0) (1,0) (1.07,1) (1.07,1) (3.999999999999956,1) (3.999999999999956,1) (4.069999999999955,0) (4.069999999999955,0) (300.0099999998721,0)
rule4: (0,0) (0,0) (1,0) (1,0) (1.07,1) (1.07,1) (50.99999999999837,1) (50.99999999999837,1) (51.06999999999835,0) (51.06999999999835,0) (300.0099999998721,0)
rule5: (0,0) (0,0) (1,0) (1,0) (1.07,1) (1.07,1) (50.99999999999837,1) (50.99999999999837,1) (51.06999999999835,0) (51.06999999999835,0) (300.0099999998721,0)
rule6: (0,0) (0,0) (1,0) (1,0) (1.07,1) (1.07,1) (50.99999999999837,1) (50.99999999999837,1) (51.06999999999835,0) (51.06999999999835,0) (300.0099999998721,0)
rule7: (0,0) (0,0) (50.99999999999837,0) (50.99999999999837,0) (51.06999999999835,1) (51.06999999999835,1) (100,1) (100.0000000000142,1) (100.0700000000142,0) (100.0700000000142,0) (300.0099999998721,0)
rule8: (0,0) (0,0) (149.9999999999993,0) (150.0000000000085,0) (150.0700000000085,1) (150.0700000000085,1) (200.9999999999621,1) (200.9999999999621,1) (201.0699999999621,0) (201.0699999999621,0) (300.0099999998721,0)
rule9: (0,0) (0,0) (100,0) (100.0000000000142,0) (100.0700000000142,1) (100.0700000000142,1) (149.9999999999993,1) (150.0000000000085,1) (150.0700000000085,0) (150.0700000000085,0) (300.0099999998721,0)
rule10: (0,0) (0,0) (200.9999999999621,0) (200.9999999999621,0) (201.0699999999621,1) (201.0699999999621,1) (250.9999999999167,1) (250.9999999999167,1) (251.0699999999166,0) (251.0699999999166,0) (300.0099999998721,0)
rule11: (0,0) (0,0) (250.9999999999167,0) (250.9999999999167,0) (251.0699999999166,1) (251.0699999999166,1) (300.0099999998721,1)
rule12: (0,0) (0,0) (250.9999999999167,0) (250.9999999999167,0) (251.0699999999166,1) (251.0699999999166,1) (300.0099999998721,1)
rule13: (0,0) (0,0) (250.9999999999167,0) (250.9999999999167,0) (251.0699999999166,1) (251.0699999999166,1) (300.0099999998721,1)
rule14: (0,0) (0,0) (250.9999999999167,0) (250.9999999999167,0) (251.0699999999166,1) (251.0699999999166,1) (300.0099999998721,1)
rule15: (0,0) (0,0) (30,0) (30.00000000000184,0) (30.07000000000185,1) (30.07000000000185,1) (59.99999999999289,1) (59.99999999999658,1) (60.06999999999656,0) (60.06999999999656,0) (90.00000000000355,0) (90.00000000000907,0) (90.0700000000091,1) (90.0700000000091,1) (120.0000000000171,1) (120.0000000000244,1) (120.0700000000245,0) (120.0700000000245,0) (149.9999999999993,0) (150.0000000000085,0) (150.0700000000085,1) (150.0700000000085,1) (179.9999999999702,1) (179.9999999999812,1) (180.0699999999812,0) (180.0699999999812,0) (209.9999999999411,0) (209.999999999954,0) (210.0699999999539,1) (210.0699999999539,1) (239.9999999999119,1) (239.9999999999267,1) (240.0699999999266,0) (240.0699999999266,0) (269.9999999998828,0) (269.9999999998994,0) (270.0699999998993,1) (270.0699999998993,1) (299.9999999998537,1) (299.9999999998721,1) (300.0099999998721,0)
rule16: (0,0) (0,0) (40.00000000000055,0) (40.00000000000055,0) (40.07000000000054,1) (40.07000000000054,1) (79.00000000000345,1) (79.00000000000345,1) (79.07000000000349,0) (79.07000000000349,0) (116.0000000000224,0) (116.0000000000224,0) (116.0700000000224,1) (116.0700000000224,1) (155.000000000004,1) (155.000000000004,1) (155.0700000000039,0) (155.0700000000039,0) (192.9999999999694,0) (192.9999999999694,0) (193.0699999999694,1) (193.0699999999694,1) (229.9999999999358,1) (229.9999999999358,1) (230.0699999999357,0) (230.0699999999357,0) (300.0099999998721,0)
rule17: (0,0) (0,0) (2,0) (2,0) (2.069999999999999,1) (2.069999999999999,1) (40.00000000000055,1) (40.00000000000055,1) (40.07000000000054,0) (40.07000000000054,0) (79.00000000000345,0) (79.00000000000345,0) (79.07000000000349,1) (79.07000000000349,1) (117.0000000000229,1) (117.0000000000229,1) (117.0700000000229,0) (117.0700000000229,0) (154.0000000000049,0) (154.0000000000049,0) (154.0700000000048,1) (154.0700000000048,1) (192.9999999999694,1) (192.9999999999694,1) (193.0699999999694,0) (193.0699999999694,0) (229.9999999999358,0) (229.9999999999358,0) (230.0699999999357,1) (230.0699999999357,1) (251.9999999999158,1) (251.9999999999158,1) (252.0699999999157,0) (252.0699999999157,0) (300.0099999998721,0)
rule18: (0,0) (0,0) (1,0) (1,0) (1.07,1) (1.07,1) (2,1) (2,1) (2.069999999999999,0) (2.069999999999999,0) (300.0099999998721,0)
rule19: (0,0) (0,0) (1,0) (1,0) (1.07,1) (1.07,1) (61.99999999999618,1) (61.99999999999618,1) (62.06999999999616,0) (62.06999999999616,0) (300.0099999998721,0)
rule20: (0,0) (0,0) (1,0) (1,0) (1.07,1) (1.07,1) (3.999999999999956,1) (3.999999999999956,1) (4.069999999999955,0) (4.069999999999955,0) (300.0099999998721,0)
rule21: (0,0) (0,0) (142.0000000000158,0) (142.0000000000158,0) (142.0700000000157,1) (142.0700000000157,1) (300.0099999998721,1)
rule22: (0,0) (0,0) (50.99999999999837,0) (50.99999999999837,0) (51.06999999999835,1) (51.06999999999835,1) (300.0099999998721,1)
rule23: (0,0) (0,0) (50.99999999999837,0) (50.99999999999837,0) (51.06999999999835,1) (51.06999999999835,1) (300.0099999998721,1)
rule24: (0,0) (0,0) (1,0) (1,0) (1.07,1) (1.07,1) (50.99999999999837,1) (50.99999999999837,1) (51.06999999999835,0) (51.06999999999835,0) (100,0) (100.0000000000142,0) (100.0700000000142,1) (100.0700000000142,1) (300.0099999998721,1)
rule25: (0,0) (0,0) (1,0) (1,0) (1.07,1) (1.07,1) (149.9999999999993,1) (150.0000000000085,1) (150.0700000000085,0) (150.0700000000085,0) (200.9999999999621,0) (200.9999999999621,0) (201.0699999999621,1) (201.0699999999621,1) (300.0099999998721,1)
rule26: (0,0) (0,0) (1,0) (1,0) (1.07,1) (1.07,1) (100,1) (100.0000000000142,1) (100.0700000000142,0) (100.0700000000142,0) (149.9999999999993,0) (150.0000000000085,0) (150.0700000000085,1) (150.0700000000085,1) (300.0099999998721,1)
rule27: (0,0) (0,0) (1,0) (1,0) (1.07,1) (1.07,1) (200.9999999999621,1) (200.9999999999621,1) (201.0699999999621,0) (201.0699999999621,0) (250.9999999999167,0) (250.9999999999167,0) (251.0699999999166,1) (251.0699999999166,1) (300.0099999998721,1)
rule28: (0,0) (0,0) (1,0) (1,0) (1.07,1) (1.07,1) (250.9999999999167,1) (250.9999999999167,1) (251.0699999999166,0) (251.0699999999166,0) (300.0099999998721,0)
rule29: (0,0) (0,0) (113.0000000000208,0) (113.0000000000208,0) (113.0700000000209,1) (113.0700000000209,1) (300.0099999998721,1)
rule30: (0,0) (0,0) (1,0) (1,0) (1.07,1) (1.07,1) (250.9999999999167,1) (250.9999999999167,1) (251.0699999999166,0) (251.0699999999166,0) (300.0099999998721,0)

