TV: 0 (0,0) (42,1) (84,0) (300,0)
Curtain1: 0 (0,1) (42.1,1) (43.4,0) (44,0) (45,1) (46,0) (47,1) (48,0) (49,1) (50,0) (51,1) (52,0) (53,1) (54,0) (55,1) (56,0) (57,1) (58,0) (59,1) (60,0) (61,1) (62,0) (63,1) (64,0) (65,1) (66,0) (67,1) (68,0) (69,1) (70,0) (71,1) (72,0) (73,1) (74,0) (75,1) (76,0) (77,1) (78,0) (79,1) (80,0) (81,1) (82,0) (83,1) (84,0) (300,0)
Curtain2: 0 (0,1) (42,1) (43,0) (44,0) (45,1) (46,0) (47,1) (48,0) (49,1) (50,0) (51,1) (52,0) (53,1) (54,0) (55,1) (56,0) (57,1) (58,0) (59,1) (60,0) (61,1) (62,0) (63,1) (64,0) (65,1) (66,0) (67,1) (68,0) (69,1) (70,0) (71,1) (72,0) (73,1) (74,0) (75,1) (76,0) (77,1) (78,0) (79,1) (80,0) (81,1) (82,0) (83,1) (84,0) (300,0)
Curtain3: 1 (0,1) (84,1) (85,0) (86,0) (87,1) (88,0) (89,1) (90,0) (91,1) (92,0) (93,1) (94,0) (95,1) (96,0) (97,1) (98,0) (99,1) (100,0) (101,1) (102,0) (103,1) (104,0) (105,1) (106,0) (107,1) (108,0) (109,1) (110,0) (111,1) (112,0) (113,1) (114,0) (115,1) (116,0) (117,1) (118,0) (119,1) (120,0) (121,1) (122,0) (123,1) (124,0) (125,1) (126,0) (300,0)
Curtain4: 2 (0,1) (9.6,1) (15,0)
Air: 0 (0,0) (1,0) (2,2) (16,2) (17,1) (43,1) (44,2) (70,2) (71,1) (98,2) (125,1) (152,2) (179,1) (206,2) (233,1) (253,0) (300,0)
Light1: 0 (1,0) (42,1) (84,0) (300,0)
Light4: 0 (1,0) (42,1) (84,0) (300,0)
Light2: 1 (1,0) (84,1) (126,0) (300,0)
Light6: 1 (1,0) (84,1) (126,0) (300,0)
Light3: 2 (1,0) (211,1) (253,0) (300,0)
Light7: 2 (1,0) (211,1) (253,0) (300,0)
Light8: 3 (1,0) (169,1) (211,0) (300,0)
Light9: 3 (1,0) (169,1) (211,0) (300,0)
Light10: 4 (1,0) (126,1) (169,0) (300,0)
Light11: 4 (1,0) (126,1) (169,0) (300,0)
position: (0,0) (42,0) (43,1) (84,1) (85,2) (126,2) (127,3) (168,3) (169,4) (209,4) (210,5) (252,5) (253,6)
